9 5 0 
8 8 8 8 1

-0.765639 	 -0.037433 	 -0.663813 	 0.688924 	 0.771541 	 -0.710559 	 -0.027387 	 -0.565617 	 -0.008310 	 -0.019525 	
 -0.154350 	 -0.559937 	 -0.562250 	 0.235348 	 -0.210400 	 -0.566717 	 -0.565040 	 0.238540 	 -0.011696 	 -0.686491 	
 -0.601931 	 0.583599 	 0.135795 	 -0.832728 	 -0.054460 	 -0.515695 	 0.781939 	 0.589314 	 -0.721647 	 -0.799213 	
 -0.154350 	 -0.523838 	 -0.135856 	 0.313947 	 -0.119369 	 -0.507352 	 -0.504279 	 -0.198134 	 -0.049000 	 -0.760900 	
 -0.154350 	 0.526800 	 -0.654083 	 -0.335182 	 -0.732980 	 -0.332631 	 -0.066303 	 -0.156228 	 -0.151568 	 -0.575533 	
 -0.154350 	 0.805634 	 -0.027070 	 0.456842 	 0.116714 	 -0.320338 	 -0.040488 	 0.282750 	 -0.130653 	 -0.230518 	
 -0.585433 	 0.520041 	 -0.666385 	 0.440664 	 -0.370828 	 -0.371166 	 0.587683 	 -0.222183 	 0.048916 	 -0.574568 	
 -0.154350 	 0.751620 	 -0.481255 	 0.342872 	 -0.091308 	 -0.019071 	 -0.477750 	 0.055283 	 -0.233642 	 -0.780742 	

 0.585433 	 -0.158565 	 -0.557897 	 -0.562112 	 0.242103 	 -0.206062 	 -0.562112 	 -0.537107 	 0.237888 	
 0.585433 	 -0.071277 	 -0.489366 	 0.813841 	 0.710634 	 -0.863151 	 0.588640 	 -0.501204 	 0.813841 	
 0.769329 	 0.011474 	 -0.291324 	 -0.673722 	 0.608676 	 0.588610 	 -0.973722 	 -0.374813 	 -0.673722 	
 0.730886 	 0.484473 	 -0.585433 	 -0.301105 	 -0.698140 	 0.662177 	 0.498895 	 -0.976748 	 -0.301105 	
 -0.730886 	 -0.101807 	 -0.092950 	 0.789396 	 0.707050 	 -0.941949 	 -0.110604 	 -0.407021 	 0.289396 	
 0.807780 	 0.245267 	 -0.267074 	 -0.159765 	 -0.567074 	 -0.578124 	 -0.159765 	 -0.603315 	 0.240235 	
 -0.923106 	 -0.539001 	 0.268584 	 -0.146030 	 -0.531416 	 0.186403 	 -0.146030 	 -0.457669 	 0.253970 	
 -0.923106 	 -0.684775 	 0.609222 	 0.523015 	 -0.990778 	 -0.181397 	 -0.676985 	 0.546784 	 0.523015 	

 -0.923106 	 -0.595129 	 0.528584 	 0.553928 	 -0.957241 	 -0.200921 	 -0.655572 	 0.685145 	 0.562290 	
 0.923106 	 -0.296768 	 -0.225332 	 -0.600426 	 0.197912 	 -0.197854 	 -0.225218 	 0.199979 	 0.491580 	
 -0.730886 	 -0.129497 	 -0.089800 	 0.761943 	 0.676269 	 -0.829213 	 -0.137822 	 -0.528174 	 0.210731 	
 -0.654003 	 -0.188047 	 -0.571490 	 0.704919 	 0.607395 	 -0.887966 	 -0.195032 	 -0.587642 	 0.706354 	
 0.769329 	 -0.943110 	 -0.130542 	 -0.608484 	 0.694778 	 0.561874 	 -0.899285 	 -0.226988 	 -0.569686 	
 0.730886 	 0.606456 	 -0.931300 	 -0.204719 	 -0.606919 	 0.704885 	 0.592348 	 -0.898779 	 -0.213918 	
 0.769329 	 -0.865920 	 0.586588 	 0.249372 	 -0.239292 	 -0.163937 	 0.552784 	 -0.559164 	 0.211739 	
 -0.923106 	 -0.566239 	 0.299067 	 -0.179666 	 -0.570243 	 0.235634 	 -0.176895 	 -0.562641 	 0.221150 	

 0.807780 	 0.191449 	 -0.305210 	 -0.190886 	 -0.599726 	 0.200739 	 -0.201990 	 -0.597082 	 0.198073 	
 -0.923106 	 -0.589770 	 0.209695 	 -0.135433 	 -0.563139 	 0.170342 	 -0.227734 	 -0.579101 	 0.237784 	
 -0.923106 	 -0.725799 	 0.566442 	 0.621303 	 -0.927444 	 -0.297934 	 -0.719077 	 0.581937 	 0.545777 	
 -0.654003 	 -0.144119 	 -0.544039 	 0.673345 	 0.605292 	 -0.858816 	 -0.148739 	 -0.563038 	 0.715203 	
 0.769329 	 -0.888406 	 -0.192058 	 -0.562994 	 0.725667 	 0.574528 	 -0.922346 	 -0.193631 	 -0.572944 	
 -0.664286 	 -0.302943 	 -0.702964 	 -0.517181 	 0.228447 	 -0.323097 	 -0.731301 	 -0.674886 	 0.220002 	
 -0.654003 	 -0.311139 	 -0.711211 	 0.688147 	 0.555133 	 -0.945506 	 -0.266620 	 -0.687589 	 0.633897 	
 0.769329 	 -0.785892 	 -0.050973 	 -0.676606 	 0.684829 	 0.795185 	 -0.690913 	 -0.032626 	 -0.584143 	

 -0.140342 	 -0.025939 	 0.711637 	 -0.500196 	 0.107954 	 0.493486 	 0.539558 	 -0.891519 	 -0.435056 	
	

2









-10   	 245  	 530  	 850  	 1085 	 1065 	 815  	 480  	 210
 135  	 385  	 690 	 945  	 1020 	 890  	 605  	 345 	-85
 150	 455	 815	 1165	 1385	 1405 	 1200	 925	 665	
 270	 560	 900	 1165	 1275	 1175	 945	 675	 440	

 450	 790	 1115	 1325	 1365	 1210 	 905	 600	 355	
 210	 555	 905	 1160	 1220	 1055	 740	 435	 230	
 220	 580	 1005	 1370	 1540	 1435	 1120	 740	 470	
 485	 835	 1180	 1425	 1485	 1300	 960	 630	 390	

-105 	-120 	-120 	-120 	-110 	-110 	-130 	-160	-165	 
-125 	-135 	-125 	-110 	-90  	-105 	-120 	-120 	-120	 
-255 	-230 	-200 	-195 	-160 	-160 	-165 	-200 	-200	 
-330 	-325 	-315 	-305 	-300 	-315 	-320 	-315 	-300 	

-430 	-415 	-300 	-135  	 75	 275  	 515  	 785	 975	 
-440 	-450 	-380 	-220  	 10	 320  	 695  	 1095 	 1365	 
-355 	-365 	-335 	-205  	 15	 320  	 695  	 1075 	 1325    
-430 	-415 	-300 	-135 	 75	 275  	 515  	 785	 975	

1375  	 1130 	 750	 390  	 120 	-15  	-65  	-100	-170 	 
1025  	 1065  	 850	 515  	 205 	-95  	-290 	-380	-405	 
1305  	 1045 	 690	 360  	 105 	-20  	-55  	-95	-145	 
1000  	 820  	 530	 265  	 0	-200 	-270 	-300	-335	  

-335	-205	15	320	695	1075	1325	1305	1045	 
-365	-175	80	350	655	975	1210	1220	995	 
-280	-110	170	475	835	1160	1345	1290	1030	 
-350	-200	30	305	645	1005	1305	1455	1385	 

1120	810	555	355	265	195	95	-20	-90	 
1290	1030	715	445	255	180	95	-5	-85	 
975	1210	1220	995	670	335	45	-105	-125	 
1075	1325	1305	1045	690	360	105	-20	-55	 
 




