
Tamanho da entrada: 9
Quantidade de camadas: 5 | bias: 1.000000
Taxa de aprendizagem: 0.010000
Numero maximo de iteracoes: 100000
limiar: 0.001000
Ultima Entrada: 

-1.390825 	36.618724 	17.297052 	-12.196705 	-44.843295 	-68.501635 	-72.826225 	-61.472769 	-43.538547 	-27.384363 	0.000000 	
0.993447 	4.616038 	0.345175 	-5.037539 	-11.181709 	-14.033220 	-14.741936 	-12.302388 	-7.858075 	-4.255877 	0.000000 	
-0.397378 	12.936038 	2.385175 	-14.557539 	-32.301709 	-42.553221 	-43.941935 	-35.842388 	-24.098075 	-13.575877 	0.000000 	
1.390825 	14.136038 	1.285175 	-13.857539 	-31.501709 	-43.053221 	-43.941935 	-35.842388 	-24.098075 	-14.575877 	0.000000 	
0.894102 	-5.303962 	-0.694825 	5.182461 	9.938291 	14.486779 	14.458065 	11.237612 	7.581925 	5.064123 	0.000000 	
1.788205 	4.618286 	0.334548 	-4.061006 	-10.145307 	-15.476004 	-15.165351 	-12.697326 	-7.677485 	-4.396402 	0.000000 	
-1.788205 	13.336038 	1.585175 	-13.657539 	-31.101709 	-43.653221 	-43.941935 	-35.842388 	-23.598075 	-13.775877 	0.000000 	

-1.788205 	-0.191851 	-0.595378 	-0.595378 	0.204622 	-0.203681 	-0.595378 	-0.595378 	0.204622 	0.000000 	
1.788205 	-0.182000 	-0.588000 	0.712000 	0.612000 	-0.918000 	-0.188000 	-0.588000 	0.712000 	0.000000 	
1.192136 	-0.921704 	-0.214589 	-0.614589 	0.685411 	0.621417 	-0.914589 	-0.214589 	-0.614589 	0.000000 	
1.390825 	0.581123 	-0.912646 	-0.212646 	-0.612646 	0.718183 	0.587354 	-0.912646 	-0.212646 	0.000000 	
-1.390825 	-0.173877 	-0.182646 	0.717354 	0.617354 	-0.926817 	-0.182646 	-0.582646 	0.217354 	0.000000 	
0.993447 	0.206000 	-0.296000 	-0.196000 	-0.596000 	0.194000 	-0.196000 	-0.596000 	0.204000 	0.000000 	
-0.397378 	-0.582877 	0.211354 	-0.188646 	-0.588646 	0.182183 	-0.188646 	-0.588646 	0.211354 	0.000000 	

-0.397378 	-0.600000 	0.702697 	0.614253 	-0.885747 	-0.200000 	-0.585747 	0.700000 	0.588444 	0.000000 	
0.397378 	-0.300000 	-0.195922 	-0.591937 	0.208063 	-0.200000 	-0.591937 	0.200000 	0.496015 	0.000000 	
-1.390825 	-0.200000 	-0.205922 	0.688063 	0.588063 	-0.900000 	-0.211937 	-0.600000 	0.206015 	0.000000 	
-1.788205 	-0.200000 	-0.604172 	0.691977 	0.591977 	-0.900000 	-0.208023 	-0.600000 	0.703851 	0.000000 	
1.192136 	-0.900000 	-0.212000 	-0.624000 	0.676000 	0.600000 	-0.924000 	-0.200000 	-0.588000 	0.000000 	
1.390825 	0.600000 	-0.896000 	-0.192000 	-0.592000 	0.700000 	0.608000 	-0.900000 	-0.204000 	0.000000 	
1.192136 	-0.900000 	0.496014 	0.192014 	-0.307986 	-0.200000 	0.492014 	-0.600000 	0.204000 	0.000000 	

0.993447 	0.196900 	-0.303100 	-0.191100 	-0.600000 	0.200000 	-0.202700 	-0.598400 	0.196900 	0.000000 	
-0.397378 	-0.605900 	0.194100 	-0.179200 	-0.600000 	0.200000 	-0.205400 	-0.593300 	0.194100 	0.000000 	
-0.397378 	-0.616000 	0.684000 	0.656000 	-0.900000 	-0.200000 	-0.616000 	0.716000 	0.584000 	0.000000 	
-1.788205 	-0.191100 	-0.591100 	0.666900 	0.600000 	-0.900000 	-0.190800 	-0.610500 	0.708900 	0.000000 	
1.192136 	-0.902000 	-0.202000 	-0.593000 	0.700000 	0.600000 	-0.902000 	-0.198000 	-0.602000 	0.000000 	
-1.788205 	-0.214000 	-0.614000 	-0.551000 	0.200000 	-0.200000 	-0.613800 	-0.585800 	0.186000 	0.000000 	
-1.788205 	-0.212000 	-0.612000 	0.742000 	0.600000 	-0.900000 	-0.212000 	-0.588000 	0.688000 	0.000000 	


erro = -1
erro = -1
erro = -1
erro = 0
erro = -1
erro = 0
erro = -1
erro = 0
erro = 0
erro = -1
Maior erro: 1.000000 | ErroRede: 0.500000 
erro = -1
erro = -1
erro = 0
erro = 0
erro = 0
erro = 0
erro = 0
erro = 0
erro = 0
erro = 0
Maior erro: 1.000000 | ErroRede: 0.500000 
erro = 0
erro = 0
erro = 0
erro = 0
erro = 0
erro = 0
erro = 0
erro = 0
erro = 0
erro = 0
Maior erro: 0.000000 | ErroRede: 0.000000 
Fim do treinamento erro minimizado em 0.000000 , ciclos: 3
Topologia apos treinamento: 

Tamanho da entrada: 9
Quantidade de camadas: 5 | bias: 1.000000
Taxa de aprendizagem: 0.010000
Numero maximo de iteracoes: 100000
limiar: 0.001000
Ultima Entrada: -345.000000 -330.000000 -335.000000 -340.000000 -355.000000 -365.000000 -340.000000 -330.000000 -335.000000 

-1.874622 	3.710335 	-15.145208 	-43.806271 	-75.802286 	-98.063563 	-103.706605 	-93.657946 	-77.793092 	-62.029478 	1.000000 	
1.339016 	1.510017 	-2.715243 	-8.016633 	-14.097700 	-16.814659 	-17.648296 	-15.334383 	-11.085688 	-7.517910 	1.000000 	
-0.535606 	2.788471 	-7.615907 	-24.295710 	-41.835542 	-51.649858 	-53.445962 	-45.754518 	-34.649703 	-24.242630 	1.000000 	
1.874622 	3.988471 	-8.715907 	-23.595710 	-41.035542 	-52.149858 	-53.445962 	-45.754518 	-34.649703 	-25.242630 	1.000000 	
1.205114 	-1.491529 	3.064093 	8.844290 	13.524458 	17.910142 	18.034038 	14.965482 	11.550297 	9.077370 	0.000000 	
2.410230 	1.064053 	-3.168765 	-7.472663 	-13.485675 	-18.663612 	-18.495535 	-16.170087 	-11.374295 	-8.133948 	1.000000 	
-2.410230 	3.188471 	-8.415907 	-23.395710 	-40.635542 	-52.749858 	-53.445962 	-45.754518 	-34.149703 	-24.442630 	1.000000 	

-2.410230 	-0.158288 	-0.561815 	-0.561815 	0.238185 	-0.203681 	-0.561815 	-0.561815 	0.238185 	0.000000 	
2.410230 	-0.134000 	-0.540000 	0.760000 	0.660000 	-0.918000 	-0.140000 	-0.540000 	0.760000 	1.000000 	
1.606819 	-0.975059 	-0.267944 	-0.667944 	0.632056 	0.621417 	-0.967944 	-0.267944 	-0.667944 	0.000000 	
1.874622 	0.531983 	-0.961786 	-0.261786 	-0.661786 	0.718183 	0.538214 	-0.961786 	-0.261786 	0.000000 	
-1.874622 	-0.103017 	-0.111786 	0.788214 	0.688214 	-0.926817 	-0.111786 	-0.511786 	0.288214 	0.000000 	
1.339016 	0.222000 	-0.280000 	-0.180000 	-0.580000 	0.194000 	-0.180000 	-0.580000 	0.220000 	0.000000 	
-0.535606 	-0.536017 	0.258214 	-0.141786 	-0.541786 	0.182183 	-0.141786 	-0.541786 	0.258214 	0.000000 	

-0.535606 	-0.600000 	0.618788 	0.614253 	-0.885747 	-0.200000 	-0.585747 	0.700000 	0.588444 	1.000000 	
0.535606 	-0.300000 	-0.211394 	-0.591937 	0.208063 	-0.200000 	-0.591937 	0.200000 	0.496015 	1.000000 	
-1.874622 	-0.200000 	-0.181394 	0.688063 	0.588063 	-0.900000 	-0.211937 	-0.600000 	0.206015 	0.000000 	
-2.410230 	-0.200000 	-0.588884 	0.691977 	0.591977 	-0.900000 	-0.208023 	-0.600000 	0.703851 	0.000000 	
1.606819 	-0.900000 	-0.164000 	-0.624000 	0.676000 	0.600000 	-0.924000 	-0.200000 	-0.588000 	1.000000 	
1.874622 	0.600000 	-0.911720 	-0.192000 	-0.592000 	0.700000 	0.608000 	-0.900000 	-0.204000 	1.000000 	
1.606819 	-0.900000 	0.512510 	0.192014 	-0.307986 	-0.200000 	0.492014 	-0.600000 	0.204000 	1.000000 	

1.339016 	0.190100 	-0.309900 	-0.191100 	-0.600000 	0.193200 	-0.209500 	-0.605200 	0.196900 	1.000000 	
-0.535606 	-0.623900 	0.176100 	-0.179200 	-0.600000 	0.182000 	-0.223400 	-0.611300 	0.194100 	0.000000 	
-0.535606 	-0.680000 	0.620000 	0.656000 	-0.900000 	-0.264000 	-0.680000 	0.652000 	0.584000 	0.000000 	
-2.410230 	-0.154300 	-0.554300 	0.666900 	0.600000 	-0.863200 	-0.154000 	-0.573700 	0.708900 	0.000000 	
1.606819 	-0.910000 	-0.210000 	-0.593000 	0.700000 	0.592000 	-0.910000 	-0.206000 	-0.602000 	0.000000 	
-2.410230 	-0.269200 	-0.669200 	-0.551000 	0.200000 	-0.255200 	-0.669000 	-0.641000 	0.186000 	0.000000 	
-2.410230 	-0.260000 	-0.660000 	0.742000 	0.600000 	-0.948000 	-0.260000 	-0.636000 	0.688000 	0.000000 	


